SOLUTIONS
=========
Objects seleccionados:
Object x0 (incident: [SV], coa: C5, time: 5, energy: 1, cost: 1.8)
Object x1 (incident: [ED], coa: C11, time: 17, energy: 50, cost: 43.4)
Object x4 (incident: [IG], coa: C1, time: 35, energy: 1, cost: 7.8)
Object x5 (incident: [DDoS], coa: C5, time: 4, energy: 1, cost: 1.6)
Object x7 (incident: [VRRBL], coa: C5, time: 10, energy: 1, cost: 2.8)
Object x8 (incident: [LOSS], coa: C15, time: 11, energy: 30, cost: 26.2)
Object x9 (incident: [NO], coa: C1, time: 28, energy: 1, cost: 6.4)
Object x10 (incident: [CPH], coa: C3, time: 4, energy: 100, cost: 80.8)
Object x16 (incident: [MI], coa: C16, time: 4, energy: 1, cost: 1.6)
Object x18 (incident: [MIM], coa: C1, time: 30, energy: 1, cost: 6.8)
Object x19 (incident: [SH], coa: C7, time: 4, energy: 75, cost: 60.8)
Object x20 (incident: [NR], coa: C1, time: 45, energy: 1, cost: 9.8)
Object x27 (incident: [ROM], coa: C7, time: 37, energy: 75, cost: 67.4)
Object x30 (incident: [EK], coa: C13, time: 27, energy: 20, cost: 21.4)
Object x31 (incident: [TPF], coa: C13, time: 13, energy: 20, cost: 18.6)
Object x34 (incident: [DSIL], coa: C15, time: 36, energy: 30, cost: 31.2)
Object x38 (incident: [FOD], coa: C15, time: 4, energy: 30, cost: 24.8)
Object x40 (incident: [MW], coa: C14, time: 4, energy: 10, cost: 8.8)
Object x42 (incident: [FOS], coa: C3, time: 4, energy: 100, cost: 80.8)
Object x45 (incident: [TA], coa: C16, time: 33, energy: 1, cost: 7.4)
Object x51 (incident: [AP], coa: C2, time: 21, energy: 100, cost: 84.2)
Object x52 (incident: [CMD], coa: C16, time: 6, energy: 1, cost: 2.0)
Object x57 (incident: [DN], coa: C10, time: 33, energy: 10, cost: 14.600000000000001)
Object x62 (incident: [IOI], coa: C10, time: 10, energy: 10, cost: 10.0)
cost total: 621.0000000000001
Time: 12 seconds
    0  1  2  3  4  5  6  7  8  9 10 11 12 13 14 15 ... 66      energy num_oc.
89  1  1  0  0  1  1  0  1  1  1  1  0  0  0  0  0 ...  0  -347.69699       1
28  1  1  0  0  1  1  0  1  1  1  1  0  0  0  0  0 ...  0 -345.917788       1
42  1  1  0  0  0  1  0  1  1  1  1  0  0  0  0  0 ...  0 -343.071006       1
98  1  0  0  0  0  1  0  1  1  1  1  0  0  0  0  0 ...  1 -338.389493       1
56  1  1  0  0  0  1  0  1  1  1  1  0  0  0  0  0 ...  1 -338.183981       1
7   1  1  1  0  1  1  0  1  1  1  1  0  0  0  1  0 ...  0 -333.918083       1
1   1  1  0  0  1  0  0  1  1  1  1  0  0  0  0  0 ...  0 -331.137549       1
67  1  1  0  0  1  1  0  1  1  0  1  1  0  0  0  0 ...  0 -320.914016       1
60  1  0  0  0  1  1  0  1  1  1  1  0  0  0  0  0 ...  0 -310.919144       1
55  1  0  0  0  1  1  0  1  1  1  1  0  1  0  0  0 ...  0 -310.561559       1
71  1  1  0  0  1  0  0  1  1  1  1  0  0  1  0  0 ...  0    -301.467       1
40  1  0  0  0  1  1  0  1  1  1  1  0  1  0  0  0 ...  0 -301.352844       1
38  1  1  0  1  0  1  0  1  1  1  1  0  1  0  0  0 ...  1 -300.878213       1
91  1  1  0  0  1  1  0  1  1  1  1  0  1  0  0  0 ...  0 -300.737629       1
24  1  1  0  1  0  1  0  1  1  1  1  0  1  0  0  0 ...  1 -299.455136       1
48  1  0  1  0  1  1  0  1  1  1  1  0  1  0  0  0 ...  0 -298.169836       1
18  1  0  0  1  1  0  0  1  1  1  1  0  1  0  0  0 ...  0 -296.411862       1
81  1  0  1  0  0  1  0  0  1  1  1  0  0  0  0  0 ...  1 -296.329797       1
46  1  1  0  0  0  0  0  1  1  1  1  1  0  0  1  0 ...  1 -295.504137       1
33  1  1  0  0  1  1  0  1  1  1  1  0  0  0  0  0 ...  0 -295.054599       1
69  1  1  0  0  0  1  0  1  1  1  1  0  1  0  0  0 ...  1 -294.433375       1
26  1  1  1  0  1  1  0  1  1  1  1  0  0  0  0  0 ...  0 -294.178593       1
85  1  1  0  0  1  0  0  1  1  1  1  0  0  0  0  0 ...  0 -293.254878       1
16  1  0  0  1  0  1  0  1  1  1  1  0  0  0  0  0 ...  1 -293.144781       1
22  1  1  0  1  1  1  0  1  1  1  1  0  1  0  0  0 ...  0 -292.906479       1
92  1  1  0  0  1  0  0  1  1  1  1  0  0  0  0  0 ...  0 -292.705129       1
63  1  1  0  0  1  0  0  1  1  1  1  0  1  0  0  0 ...  0 -292.482514       1
84  1  0  0  0  1  0  0  1  1  1  1  0  1  0  0  0 ...  0 -290.484227       1
12  1  1  0  0  1  1  0  1  1  1  1  0  1  0  0  0 ...  0 -290.340359       1
41  1  0  0  0  0  1  0  1  1  1  1  0  0  0  0  0 ...  0 -289.521534       1
5   1  0  0  0  0  1  0  1  1  1  1  0  0  0  0  0 ...  1 -288.785615       1
47  1  1  0  0  0  0  0  1  1  1  1  0  0  0  0  0 ...  1 -286.756999       1
62  1  1  0  0  0  0  0  1  1  1  1  0  0  0  0  0 ...  1 -285.986096       1
76  1  1  0  0  1  1  0  1  1  0  1  0  0  0  0  0 ...  0 -284.967969       1
53  1  1  0  0  1  0  0  1  1  1  1  0  0  0  1  0 ...  0  -283.18201       1
64  1  1  0  0  1  0  0  1  1  1  1  1  0  0  0  0 ...  0 -281.953579       1
49  1  1  0  0  0  1  0  1  1  1  1  0  1  0  0  0 ...  1 -279.664261       1
14  1  1  0  0  1  1  0  1  1  0  1  0  0  0  0  0 ...  0 -277.867926       1
74  1  1  0  0  0  1  0  1  1  1  1  1  0  0  0  0 ...  1 -277.396931       1
36  1  1  0  0  1  0  0  1  1  1  1  0  0  0  1  0 ...  0 -275.444363       1
78  1  0  0  0  0  1  0  1  1  1  1  0  0  0  0  0 ...  1 -273.883796       1
6   1  1  0  0  0  1  0  1  1  1  1  1  0  0  0  0 ...  1 -272.135763       1
58  1  1  0  1  1  1  0  0  1  1  1  0  1  0  0  0 ...  0 -271.741584       1
2   1  0  1  0  0  1  0  1  1  0  1  0  1  0  0  0 ...  0 -271.612743       1
79  1  0  1  0  1  0  0  1  1  1  1  0  1  0  0  0 ...  0 -270.592304       1
65  1  1  0  0  0  1  0  1  1  0  1  0  1  0  0  0 ...  1 -268.803693       1
96  1  0  0  0  0  0  0  1  1  1  1  0  0  0  0  0 ...  1 -268.549616       1
59  1  1  0  0  0  1  0  1  1  1  1  0  0  0  0  0 ...  1 -266.601846       1
0   1  1  0  0  0  1  0  1  1  1  1  0  0  0  0  0 ...  1 -266.584121       1
70  1  1  0  0  0  1  0  1  1  0  1  1  1  0  0  0 ...  1   -266.3402       1
50  1  1  0  0  0  1  0  1  1  1  1  1  1  0  0  0 ...  1 -265.567079       1
20  1  1  0  1  0  1  0  0  1  1  1  0  1  0  0  0 ...  1 -265.277591       1
97  1  1  0  0  0  1  0  1  1  0  1  1  0  0  0  0 ...  1 -265.213452       1
4   1  1  0  0  1  0  0  1  1  1  1  1  0  0  0  0 ...  0 -264.803556       1
9   1  0  1  0  1  0  0  1  1  1  1  0  0  0  0  0 ...  0 -264.602774       1
52  1  0  0  0  0  0  0  1  1  1  1  1  0  0  0  0 ...  1 -264.424568       1
83  1  1  0  0  0  1  0  0  1  1  1  0  1  0  0  0 ...  0 -262.061293       1
29  1  1  0  0  0  1  0  0  1  1  1  0  0  0  0  0 ...  1 -259.429108       1
54  1  0  0  0  0  1  0  0  1  1  1  0  1  0  0  0 ...  1 -257.259531       1
31  1  1  0  0  0  1  0  0  1  1  1  0  1  0  0  0 ...  1 -255.763184       1
35  1  1  0  0  0  1  0  1  1  1  1  0  1  0  0  0 ...  1 -254.952917       1
23  1  0  0  0  1  1  0  0  1  0  1  0  0  0  0  0 ...  0 -254.846376       1
90  1  0  1  0  0  0  0  1  1  1  1  1  0  0  0  0 ...  1 -253.896678       1
68  1  0  0  0  1  1  0  1  1  1  1  0  0  0  0  0 ...  0 -253.024221       1
72  1  0  0  0  0  1  0  1  1  1  1  0  0  0  0  0 ...  1 -251.135228       1
75  1  0  1  0  1  1  0  1  1  1  1  0  1  0  0  0 ...  0 -248.841029       1
11  1  1  0  0  1  0  0  1  1  1  1  0  1  1  0  0 ...  0 -248.070222       1
8   1  0  0  0  0  0  0  1  1  1  1  1  0  0  1  0 ...  1 -247.741293       1
99  1  0  0  0  0  1  0  1  1  1  1  0  1  0  0  0 ...  1 -247.547952       1
77  1  0  0  0  1  1  0  0  1  1  1  1  1  0  1  0 ...  0 -245.900985       1
93  1  0  0  0  1  0  0  1  1  1  1  0  1  0  0  0 ...  0 -245.654996       1
19  1  1  1  0  0  1  0  0  1  1  1  1  1  0  0  0 ...  1 -245.148861       1
88  1  0  0  0  1  0  0  0  1  1  1  0  1  0  0  0 ...  0 -244.048087       1
27  1  1  0  0  1  1  0  1  1  0  1  0  0  0  0  0 ...  0  -243.32614       1
61  1  1  0  0  1  0  0  1  1  1  1  1  0  1  0  0 ...  0 -242.532566       1
13  1  0  0  0  1  0  0  0  1  1  1  1  1  0  0  0 ...  0 -239.799147       1
39  1  1  1  0  0  1  0  0  1  1  1  0  0  0  1  0 ...  1  -237.23766       1
57  1  1  0  0  1  0  0  1  1  1  1  0  1  0  0  0 ...  0 -236.802314       1
17  1  0  0  0  1  1  0  1  1  0  1  1  0  0  0  0 ...  0 -235.518563       1
66  1  1  0  1  1  0  0  1  1  1  1  0  1  0  1  0 ...  0  -233.70175       1
3   1  0  1  0  1  1  0  1  1  0  1  1  1  0  0  0 ...  0 -232.970117       1
43  1  1  0  0  1  0  0  1  1  1  1  0  0  0  1  0 ...  0 -229.901762       1
21  1  0  1  0  0  0  0  0  1  1  1  0  1  0  1  0 ...  0 -226.358756       1
34  1  1  0  0  0  0  0  1  1  1  1  1  1  0  0  0 ...  1 -226.285344       1
37  1  0  0  0  0  0  0  1  1  1  1  1  1  0  0  0 ...  1 -221.236647       1
15  1  1  0  1  1  0  0  0  1  1  1  0  0  1  0  0 ...  0 -220.730867       1
10  1  1  0  0  1  0  0  0  1  1  1  0  1  0  0  0 ...  0 -218.886686       1
86  1  0  0  0  1  1  0  0  1  1  1  1  1  0  0  0 ...  0 -217.490186       1
51  1  0  0  0  1  1  0  0  1  1  1  1  0  0  0  0 ...  0  -217.47249       1
45  1  1  0  0  1  0  0  1  1  1  1  1  0  0  0  0 ...  0 -216.091896       1
94  1  0  1  0  0  0  0  1  1  1  1  0  0  0  0  0 ...  1 -216.021702       1
44  1  1  0  0  0  0  0  1  1  1  1  1  1  0  0  0 ...  0 -215.123303       1
95  1  0  0  1  0  0  0  0  1  1  1  0  0  1  0  0 ...  0 -213.635496       1
80  1  0  0  0  0  0  0  1  1  1  1  0  0  0  1  0 ...  1 -212.813845       1
32  1  1  0  0  0  1  0  0  1  1  1  0  0  0  0  0 ...  1 -211.888521       1
30  1  0  0  0  0  1  0  0  1  0  1  0  0  0  1  0 ...  1  -201.87246       1
87  1  1  0  0  1  0  0  1  1  1  1  0  1  0  0  0 ...  0 -200.722126       1
73  1  1  0  0  0  0  0  1  1  1  1  0  0  0  1  0 ...  1 -184.716423       1
82  1  1  0  0  0  0  0  0  1  1  1  1  1  0  0  0 ...  1 -184.054536       1
25  1  1  0  0  1  0  0  1  1  1  1  1  0  0  1  0 ...  0 -179.181443       1
['BINARY', 100 rows, 100 samples, 67 variables]
-347.6969898808379
{0: 1, 1: 1, 2: 0, 3: 0, 4: 1, 5: 1, 6: 0, 7: 1, 8: 1, 9: 1, 10: 1, 11: 0, 12: 0, 13: 0, 14: 0, 15: 0, 16: 1, 17: 0, 18: 1, 19: 1, 20: 1, 21: 0, 22: 0, 23: 0, 24: 0, 25: 0, 26: 0, 27: 1, 28: 0, 29: 0, 30: 1, 31: 1, 32: 0, 33: 0, 34: 1, 35: 0, 36: 0, 37: 0, 38: 1, 39: 0, 40: 1, 41: 0, 42: 1, 43: 0, 44: 0, 45: 1, 46: 0, 47: 0, 48: 0, 49: 0, 50: 0, 51: 1, 52: 1, 53: 0, 54: 0, 55: 0, 56: 0, 57: 1, 58: 0, 59: 0, 60: 0, 61: 0, 62: 1, 63: 0, 64: 0, 65: 0, 66: 0}
