SOLUTIONS
=========
Objects seleccionados:
Object x0 (incident: [SV], coa: C5, time: 5, energy: 1, cost: 4.2)
Object x5 (incident: [DDoS], coa: C5, time: 4, energy: 1, cost: 3.4000000000000004)
Object x7 (incident: [VRRBL], coa: C5, time: 10, energy: 1, cost: 8.2)
Object x8 (incident: [LOSS], coa: C15, time: 11, energy: 30, cost: 14.799999999999999)
Object x9 (incident: [NO], coa: C1, time: 28, energy: 1, cost: 22.6)
Object x10 (incident: [CPH], coa: C3, time: 4, energy: 100, cost: 23.199999999999996)
Object x16 (incident: [MI], coa: C16, time: 4, energy: 1, cost: 3.4000000000000004)
Object x19 (incident: [SH], coa: C7, time: 4, energy: 75, cost: 18.199999999999996)
Object x22 (incident: [ED], coa: C4, time: 9, energy: 20, cost: 11.2)
Object x25 (incident: [NR], coa: C14, time: 28, energy: 10, cost: 24.400000000000002)
Object x26 (incident: [ROM], coa: C6, time: 42, energy: 50, cost: 43.6)
Object x30 (incident: [EK], coa: C13, time: 27, energy: 20, cost: 25.6)
Object x31 (incident: [TPF], coa: C13, time: 13, energy: 20, cost: 14.399999999999999)
Object x38 (incident: [FOD], coa: C15, time: 4, energy: 30, cost: 9.2)
Object x40 (incident: [MW], coa: C14, time: 4, energy: 10, cost: 5.199999999999999)
Object x42 (incident: [FOS], coa: C3, time: 4, energy: 100, cost: 23.199999999999996)
Object x43 (incident: [TA], coa: C15, time: 31, energy: 30, cost: 30.799999999999997)
Object x48 (incident: [DSIL], coa: C9, time: 38, energy: 75, cost: 45.4)
Object x51 (incident: [AP], coa: C2, time: 21, energy: 100, cost: 36.8)
Object x52 (incident: [CMD], coa: C16, time: 6, energy: 1, cost: 5.000000000000001)
Object x57 (incident: [DN], coa: C10, time: 33, energy: 10, cost: 28.400000000000002)
Object x62 (incident: [IOI], coa: C10, time: 10, energy: 10, cost: 10.0)
Object x64 (incident: [MIM], coa: C2, time: 28, energy: 100, cost: 42.4)
Object x66 (incident: [IG], coa: C4, time: 18, energy: 20, cost: 18.4)
cost total: 471.9999999999999
Time: 12 seconds
    0  1  2  3  4  5  6  7  8  9 10 11 12 13 14 15 ... 66      energy num_oc.
9   1  0  0  0  0  1  0  1  1  1  1  0  0  0  0  0 ...  1 -117.908124       1
7   1  0  0  0  0  1  0  1  1  1  1  0  0  0  0  0 ...  0 -115.532959       1
48  1  0  0  0  1  1  0  1  1  1  1  1  0  0  0  0 ...  0 -114.978422       1
40  1  1  0  0  1  1  0  1  1  1  1  1  0  0  0  0 ...  0 -114.612001       1
52  1  0  0  0  0  1  0  1  1  1  1  0  1  0  0  0 ...  0 -114.286021       1
68  1  1  0  0  0  1  0  1  1  0  1  0  0  0  1  0 ...  0 -112.070711       1
18  1  0  0  0  1  1  0  1  1  1  1  0  1  0  0  0 ...  0 -111.960534       1
60  1  0  0  0  0  1  0  0  1  0  1  0  0  0  1  0 ...  0 -111.897209       1
15  1  0  0  0  0  1  0  1  1  0  1  0  1  0  1  0 ...  0 -111.744192       1
29  1  0  0  1  0  1  0  1  1  1  1  0  0  0  0  0 ...  1 -111.720781       1
20  1  1  0  0  1  1  0  0  1  0  1  0  0  0  0  0 ...  0 -111.285293       1
36  1  1  0  0  0  1  0  1  1  1  1  0  0  0  0  0 ...  0  -111.26651       1
44  1  1  0  0  0  1  0  1  1  1  1  0  0  0  0  0 ...  1 -111.237235       1
95  1  0  0  0  0  1  0  1  1  1  1  1  1  0  0  0 ...  0 -111.165253       1
70  1  0  0  0  1  0  0  1  1  1  1  0  0  0  0  0 ...  0 -110.363119       1
75  1  1  0  0  0  1  0  1  1  0  1  0  1  0  0  0 ...  1 -110.340837       1
74  1  0  0  0  1  1  0  1  1  0  1  1  1  0  1  0 ...  0 -110.201487       1
46  1  0  0  0  0  1  0  1  1  0  1  1  1  0  0  0 ...  1 -109.981514       1
83  1  0  0  0  0  1  0  1  1  1  1  0  1  0  0  0 ...  0  -109.79979       1
93  1  1  0  0  1  1  0  1  1  1  1  0  1  0  0  0 ...  0 -109.455908       1
85  1  0  0  0  0  1  0  1  1  1  1  0  1  0  0  0 ...  0 -109.057698       1
3   1  0  0  0  0  1  0  1  1  1  1  0  1  0  1  0 ...  0 -108.995909       1
78  1  1  0  0  1  1  0  1  1  1  1  1  1  0  1  0 ...  0  -108.88743       1
41  1  1  0  0  0  0  0  1  1  1  1  0  0  0  1  0 ...  1 -108.752491       1
86  1  0  0  0  0  1  0  1  1  0  1  0  1  0  0  0 ...  0 -108.397127       1
4   1  0  0  0  1  1  0  1  1  1  1  0  1  0  0  0 ...  0 -108.283338       1
96  1  1  0  0  0  1  0  1  1  0  1  0  1  0  0  0 ...  1 -108.185524       1
37  1  0  0  0  1  1  0  1  1  0  1  0  1  0  0  0 ...  0 -108.038974       1
19  1  0  0  1  1  1  0  1  1  0  1  0  1  0  1  0 ...  0 -107.926774       1
72  1  0  0  1  1  1  0  1  1  1  1  0  1  0  1  0 ...  0 -107.788016       1
35  1  0  0  0  0  1  0  1  1  1  1  0  1  0  1  0 ...  1 -107.540279       1
6   1  1  0  0  1  1  0  1  1  1  1  0  1  0  0  0 ...  0   -107.1832       1
59  1  1  0  1  0  1  0  1  1  1  1  0  1  0  0  0 ...  1 -107.177973       1
62  1  1  0  0  1  1  0  0  1  1  1  0  1  0  0  0 ...  0 -107.076865       1
21  1  0  0  0  0  0  0  1  1  1  1  0  1  0  0  0 ...  0 -106.148938       1
80  1  1  0  0  0  1  0  1  1  1  1  1  1  0  0  0 ...  0   -106.0344       1
97  1  0  0  0  1  0  0  1  1  1  1  0  1  0  1  0 ...  0 -105.897273       1
87  1  1  0  0  0  1  0  0  1  1  1  0  1  0  0  0 ...  0 -105.847051       1
23  1  0  0  1  0  1  0  0  1  1  1  0  1  0  1  0 ...  1 -105.693294       1
39  1  0  0  0  0  1  0  1  1  1  1  0  0  0  0  1 ...  0 -105.508429       1
84  1  0  0  0  0  1  0  0  1  1  1  1  1  0  0  0 ...  0 -105.339031       1
92  1  0  0  0  0  0  0  1  1  1  1  0  1  0  0  0 ...  0 -105.299453       1
94  1  1  0  0  0  1  0  0  1  0  1  0  1  0  0  0 ...  1  -105.19987       1
17  1  0  0  1  0  1  0  1  1  1  1  1  1  0  0  0 ...  1 -105.098306       1
33  1  0  0  0  0  1  0  0  1  0  1  0  1  0  0  0 ...  1 -104.427764       1
47  1  0  0  0  0  0  0  1  1  0  1  0  1  0  0  0 ...  1 -104.327372       1
1   1  1  0  0  0  0  0  1  1  1  1  0  1  0  0  0 ...  1  -104.28562       1
32  1  0  0  0  1  1  0  1  1  1  1  0  0  0  0  0 ...  0  -104.16007       1
5   1  0  0  1  0  1  0  0  1  0  1  0  1  0  0  0 ...  0 -104.100835       1
12  1  0  0  0  0  1  0  1  1  0  1  0  0  0  0  0 ...  0 -104.093587       1
22  1  0  0  1  1  1  0  0  1  1  1  0  1  0  0  0 ...  0 -103.955237       1
98  1  0  0  0  0  0  0  1  1  1  1  0  1  0  0  0 ...  0 -103.953302       1
10  1  0  0  0  1  1  0  1  1  1  1  0  0  0  1  0 ...  0 -103.606432       1
49  1  0  0  0  1  0  0  1  1  0  1  0  1  0  0  0 ...  0 -103.466358       1
71  1  0  0  0  0  0  0  0  1  0  1  0  0  0  0  0 ...  0 -103.327331       1
90  1  0  0  0  0  1  0  1  1  1  1  0  0  0  0  0 ...  0 -103.202945       1
51  1  0  0  0  1  1  0  1  1  0  1  1  0  0  0  0 ...  0  -103.07044       1
14  1  0  0  1  0  0  0  1  1  1  1  0  1  0  0  0 ...  1 -103.063714       1
42  1  0  0  0  0  1  0  0  1  1  1  0  1  0  1  0 ...  0 -103.026189       1
0   1  0  0  0  0  0  0  1  1  1  1  0  1  0  0  0 ...  0 -102.688751       1
63  1  1  0  0  0  1  0  1  1  1  1  0  1  0  1  0 ...  0 -102.633893       1
43  1  1  0  0  1  1  0  1  1  1  1  0  0  0  0  0 ...  0 -102.267612       1
99  1  1  0  0  0  1  0  1  1  0  1  0  1  0  0  0 ...  1 -102.100136       1
82  1  0  0  0  0  1  0  1  1  1  1  0  1  0  0  0 ...  0  -102.04901       1
13  1  0  0  1  1  1  0  0  1  1  1  0  1  0  1  0 ...  0 -101.912165       1
91  1  0  0  1  0  1  0  1  1  0  1  0  0  0  0  0 ...  0  -101.75373       1
69  1  0  0  1  0  1  0  0  1  0  1  0  1  0  0  0 ...  0 -101.732936       1
79  1  0  0  0  1  1  0  1  1  1  1  0  0  0  0  0 ...  0 -101.637812       1
24  1  0  0  1  1  1  0  1  1  0  1  0  1  0  0  0 ...  0 -101.477775       1
66  1  1  0  0  1  0  0  1  1  0  1  0  1  0  1  0 ...  0 -101.252198       1
89  1  1  0  0  0  0  0  1  1  1  1  0  1  0  0  0 ...  1 -101.162558       1
81  1  0  0  0  0  1  0  0  1  1  1  0  1  0  0  0 ...  0 -100.859129       1
58  1  0  0  1  1  1  0  1  1  0  1  0  0  0  0  1 ...  0 -100.851736       1
54  1  0  1  0  0  1  0  1  1  1  1  0  1  0  0  0 ...  0 -100.637614       1
16  1  1  0  0  0  0  0  0  1  0  1  0  1  0  1  0 ...  1  -99.777918       1
27  1  0  0  0  0  0  0  1  1  1  1  1  1  0  0  0 ...  0  -99.695955       1
53  1  1  0  0  0  1  0  1  1  0  1  1  0  0  1  0 ...  0  -99.568349       1
34  1  1  0  0  1  1  0  1  1  1  1  0  0  0  0  0 ...  0  -98.347567       1
57  1  1  0  0  0  0  0  0  1  1  1  1  1  0  1  0 ...  1   -98.29847       1
45  1  0  0  1  0  1  0  1  1  1  1  1  0  0  1  0 ...  1  -98.298211       1
50  1  1  0  0  1  1  0  0  1  0  1  0  1  0  0  0 ...  0  -97.887907       1
65  1  0  1  0  0  0  0  1  1  1  1  0  0  0  0  0 ...  0  -95.914824       1
56  1  0  0  0  0  0  0  1  1  1  1  0  0  0  0  0 ...  0  -95.824318       1
38  1  1  0  0  0  1  0  0  1  1  1  1  0  0  0  0 ...  0  -95.628264       1
67  1  1  0  0  0  0  0  0  1  1  1  0  1  0  1  0 ...  0  -95.480582       1
73  1  0  0  0  0  0  0  1  1  1  1  0  1  0  0  0 ...  1  -95.081468       1
31  1  1  0  0  1  0  0  0  1  1  1  0  1  0  0  0 ...  0  -94.625461       1
28  1  0  1  0  0  1  0  1  1  0  1  0  0  0  1  0 ...  0  -93.446603       1
77  1  1  1  0  0  0  0  0  1  1  1  0  1  0  1  0 ...  0   -93.19038       1
25  1  1  0  0  1  0  0  1  1  1  1  0  1  0  0  0 ...  0  -93.145729       1
76  1  1  0  0  0  0  0  1  1  1  1  0  1  0  1  0 ...  1  -92.904271       1
26  1  1  0  0  1  0  0  1  1  0  1  0  1  0  0  0 ...  0  -92.594564       1
30  1  0  0  0  1  0  0  1  1  0  1  0  0  0  0  0 ...  0  -91.565069       1
64  1  1  0  0  1  0  0  1  1  1  1  0  1  0  0  0 ...  0  -91.412992       1
2   1  0  1  0  1  0  0  0  1  1  1  1  1  0  0  0 ...  0  -90.818538       1
11  1  1  0  1  0  1  0  1  1  0  1  0  0  0  1  0 ...  0  -89.817995       1
55  1  0  0  0  0  0  0  1  1  1  1  0  1  0  0  0 ...  1  -88.751472       1
88  1  0  0  1  0  0  0  1  1  1  1  0  1  0  0  0 ...  0  -88.661396       1
8   1  0  0  0  1  0  0  1  1  0  1  0  0  0  0  0 ...  0  -86.769853       1
61  1  0  0  0  0  0  0  0  1  1  1  0  0  0  0  0 ...  0  -80.942071       1
['BINARY', 100 rows, 100 samples, 67 variables]
-117.90812414243874
{0: 1, 1: 0, 2: 0, 3: 0, 4: 0, 5: 1, 6: 0, 7: 1, 8: 1, 9: 1, 10: 1, 11: 0, 12: 0, 13: 0, 14: 0, 15: 0, 16: 1, 17: 0, 18: 0, 19: 1, 20: 0, 21: 0, 22: 1, 23: 0, 24: 0, 25: 1, 26: 1, 27: 0, 28: 0, 29: 0, 30: 1, 31: 1, 32: 0, 33: 0, 34: 0, 35: 0, 36: 0, 37: 0, 38: 1, 39: 0, 40: 1, 41: 0, 42: 1, 43: 1, 44: 0, 45: 0, 46: 0, 47: 0, 48: 1, 49: 0, 50: 0, 51: 1, 52: 1, 53: 0, 54: 0, 55: 0, 56: 0, 57: 1, 58: 0, 59: 0, 60: 0, 61: 0, 62: 1, 63: 0, 64: 1, 65: 0, 66: 1}
