SOLUTIONS
=========
Objects seleccionados:
Object x0 (incident: [SV], coa: C5, time: 5, energy: 1, cost: 1.0)
Object x3 (incident: [IOI], coa: C1, time: 41, energy: 1, cost: 1.0)
Object x4 (incident: [IG], coa: C1, time: 35, energy: 1, cost: 1.0)
Object x7 (incident: [VRRBL], coa: C5, time: 10, energy: 1, cost: 1.0)
Object x8 (incident: [LOSS], coa: C15, time: 11, energy: 30, cost: 30.0)
Object x9 (incident: [NO], coa: C1, time: 28, energy: 1, cost: 1.0)
Object x10 (incident: [CPH], coa: C3, time: 4, energy: 100, cost: 100.0)
Object x16 (incident: [MI], coa: C16, time: 4, energy: 1, cost: 1.0)
Object x18 (incident: [MIM], coa: C1, time: 30, energy: 1, cost: 1.0)
Object x19 (incident: [SH], coa: C7, time: 4, energy: 75, cost: 75.0)
Object x20 (incident: [NR], coa: C1, time: 45, energy: 1, cost: 1.0)
Object x22 (incident: [ED], coa: C4, time: 9, energy: 20, cost: 20.0)
Object x26 (incident: [ROM], coa: C6, time: 42, energy: 50, cost: 50.0)
Object x30 (incident: [EK], coa: C13, time: 27, energy: 20, cost: 20.0)
Object x31 (incident: [TPF], coa: C13, time: 13, energy: 20, cost: 20.0)
Object x34 (incident: [DSIL], coa: C15, time: 36, energy: 30, cost: 30.0)
Object x37 (incident: [DDoS], coa: C1, time: 7, energy: 1, cost: 1.0)
Object x38 (incident: [FOD], coa: C15, time: 4, energy: 30, cost: 30.0)
Object x40 (incident: [MW], coa: C14, time: 4, energy: 10, cost: 10.0)
Object x42 (incident: [FOS], coa: C3, time: 4, energy: 100, cost: 100.0)
Object x45 (incident: [TA], coa: C16, time: 33, energy: 1, cost: 1.0)
Object x51 (incident: [AP], coa: C2, time: 21, energy: 100, cost: 100.0)
Object x52 (incident: [CMD], coa: C16, time: 6, energy: 1, cost: 1.0)
Object x57 (incident: [DN], coa: C10, time: 33, energy: 10, cost: 10.0)
cost total: 606.0
Time: 12 seconds
    0  1  2  3  4  5  6  7  8  9 10 11 12 13 14 15 ... 66       energy num_oc.
2   1  0  0  1  1  0  0  1  1  1  1  0  0  0  0  0 ...  0 -1162.846667       1
3   1  0  0  1  1  0  0  1  1  1  1  0  0  0  0  0 ...  0 -1162.846667       1
1   1  0  0  1  1  0  0  1  1  1  1  0  0  1  0  0 ...  0 -1162.846667       1
8   1  0  0  1  1  0  0  1  1  1  1  0  0  0  0  0 ...  0 -1162.846667       1
14  1  0  0  1  1  0  0  1  1  1  1  0  0  1  0  0 ...  0 -1162.846667       1
27  1  0  0  1  1  0  0  1  1  1  1  0  0  1  0  0 ...  0 -1162.846667       1
66  1  0  0  1  1  0  0  1  1  1  1  0  0  0  0  0 ...  0 -1162.846667       1
68  1  0  0  1  1  0  0  1  1  1  1  0  0  0  0  0 ...  0 -1162.846667       1
76  1  0  0  1  1  1  0  1  1  1  1  0  0  0  0  0 ...  0 -1162.846667       1
19  1  0  0  1  1  1  0  1  1  1  1  0  0  0  0  0 ...  0 -1162.846667       1
30  1  0  0  1  1  0  0  1  1  1  1  0  0  0  0  0 ...  0 -1162.173333       1
65  1  0  0  1  1  0  0  1  1  1  1  0  0  1  0  0 ...  0 -1162.173333       1
50  1  0  0  1  1  0  0  1  1  1  1  0  0  1  0  0 ...  0 -1162.173333       1
17  1  0  0  1  1  1  0  1  1  1  1  0  0  0  0  0 ...  0      -1161.5       1
24  1  0  0  1  1  0  0  1  1  1  1  0  0  0  0  0 ...  0      -1161.5       1
77  1  0  0  1  1  1  0  1  1  1  1  0  0  0  0  0 ...  0      -1161.5       1
90  1  0  0  1  1  0  0  1  1  1  1  0  0  0  0  0 ...  0      -1161.5       1
95  1  0  0  1  1  0  0  1  1  1  1  0  0  0  0  0 ...  0      -1161.5       1
0   1  0  0  1  1  0  0  1  1  1  1  0  0  1  0  0 ...  0 -1160.826667       1
31  1  0  0  1  1  0  0  1  1  1  1  0  0  0  0  0 ...  0 -1160.826667       1
49  1  0  0  1  1  0  0  1  1  1  1  0  0  0  0  0 ...  0 -1160.826667       1
22  1  0  0  1  1  0  0  1  1  1  1  0  0  0  0  0 ...  0 -1160.826667       1
85  1  0  0  1  1  1  0  1  1  1  1  0  0  1  0  0 ...  0 -1160.826667       1
87  1  0  0  1  1  1  0  1  1  1  1  0  0  0  0  0 ...  0 -1160.826667       1
93  1  0  0  1  1  1  0  1  1  1  1  0  0  0  0  0 ...  0 -1160.826667       1
55  1  0  0  1  1  0  0  1  1  1  1  0  0  0  0  0 ...  0 -1160.153333       1
5   1  1  0  1  1  0  0  1  1  1  1  0  0  0  0  0 ...  0 -1159.816667       1
12  1  1  0  1  1  0  0  1  1  1  1  0  0  0  0  0 ...  0 -1159.816667       1
36  1  0  0  1  1  0  0  1  1  1  1  0  0  0  0  0 ...  0 -1159.816667       1
38  1  0  0  1  1  0  0  1  1  1  1  0  0  0  0  0 ...  0 -1159.816667       1
39  1  0  0  1  1  0  0  1  1  1  1  0  0  0  0  0 ...  0 -1159.816667       1
40  1  1  0  1  1  0  0  1  1  1  1  0  0  0  0  0 ...  0 -1159.816667       1
46  1  1  0  1  1  0  0  1  1  1  1  0  0  0  0  0 ...  0 -1159.816667       1
63  1  1  0  1  1  0  0  1  1  1  1  0  0  0  0  0 ...  0 -1159.816667       1
89  1  0  0  1  1  0  0  1  1  1  1  0  0  0  0  0 ...  0 -1159.816667       1
92  1  1  0  1  1  0  0  1  1  1  1  0  0  0  0  0 ...  0 -1159.816667       1
13  1  1  0  1  1  0  0  1  1  1  1  0  0  0  0  0 ...  0 -1159.816667       1
37  1  0  0  1  1  0  0  1  1  1  1  0  0  0  0  0 ...  0 -1159.816667       1
45  1  1  0  1  1  0  0  1  1  1  1  0  0  0  0  0 ...  0 -1159.816667       1
67  1  1  0  1  1  0  0  1  1  1  1  0  0  0  0  0 ...  0 -1159.816667       1
71  1  1  0  1  1  0  0  1  1  1  1  0  0  0  0  0 ...  0 -1159.816667       1
98  1  1  0  1  1  0  0  1  1  1  1  0  0  0  0  0 ...  0 -1159.816667       1
4   1  0  0  1  1  0  0  1  1  1  1  0  0  0  0  0 ...  0 -1159.816667       1
16  1  0  0  1  1  0  0  1  1  1  1  0  0  1  0  0 ...  0 -1159.816667       1
18  1  1  0  1  1  0  0  1  1  1  1  0  0  1  0  0 ...  0 -1159.816667       1
20  1  0  0  1  1  1  0  1  1  1  1  0  0  0  0  0 ...  0 -1159.816667       1
21  1  1  0  1  1  0  0  1  1  1  1  0  0  1  0  0 ...  0 -1159.816667       1
23  1  1  0  1  1  0  0  1  1  1  1  0  0  1  0  0 ...  0 -1159.816667       1
26  1  0  0  1  1  0  0  1  1  1  1  0  0  1  0  0 ...  0 -1159.816667       1
44  1  1  0  1  1  1  0  1  1  1  1  0  0  0  0  0 ...  0 -1159.816667       1
53  1  1  0  1  1  0  0  1  1  1  1  0  0  1  0  0 ...  0 -1159.816667       1
56  1  1  0  1  1  0  0  1  1  1  1  0  0  1  0  0 ...  0 -1159.816667       1
57  1  1  0  1  1  0  0  1  1  1  1  0  0  1  0  0 ...  0 -1159.816667       1
80  1  1  0  1  1  1  0  1  1  1  1  0  0  0  0  0 ...  0 -1159.816667       1
88  1  0  0  1  1  0  0  1  1  1  1  0  0  1  0  0 ...  0 -1159.816667       1
91  1  1  0  1  1  0  0  1  1  1  1  0  0  1  0  0 ...  0 -1159.816667       1
32  1  1  0  1  1  0  0  1  1  1  1  0  0  1  0  0 ...  0 -1159.816667       1
48  1  1  0  1  1  0  0  1  1  1  1  0  0  1  0  0 ...  0 -1159.816667       1
52  1  1  0  1  1  1  0  1  1  1  1  0  0  0  0  0 ...  0 -1159.816667       1
84  1  1  0  1  1  0  0  1  1  1  1  0  0  1  0  0 ...  0 -1159.816667       1
86  1  1  0  1  1  1  0  1  1  1  1  0  0  0  0  0 ...  0 -1159.816667       1
96  1  1  0  1  1  0  0  1  1  1  1  0  0  1  0  0 ...  0 -1159.816667       1
97  1  1  0  1  1  1  0  1  1  1  1  0  0  0  0  0 ...  0 -1159.816667       1
42  1  0  0  1  1  0  0  1  1  1  1  0  0  0  0  0 ...  0     -1159.48       1
60  1  0  0  1  1  1  0  1  1  1  1  0  0  0  0  0 ...  0 -1159.143333       1
61  1  1  0  1  1  0  0  1  1  1  1  0  0  0  0  0 ...  0 -1159.143333       1
11  1  1  0  1  1  0  0  1  1  1  1  0  0  0  0  0 ...  0 -1159.143333       1
70  1  1  0  1  1  1  0  1  1  1  1  0  0  0  0  0 ...  0 -1159.143333       1
94  1  0  0  1  1  0  0  1  1  1  1  0  0  1  0  0 ...  0 -1159.143333       1
64  1  1  0  1  1  0  0  1  1  1  1  0  0  1  0  0 ...  0 -1159.143333       1
72  1  1  0  1  1  1  0  1  1  1  1  0  0  0  0  0 ...  0 -1159.143333       1
62  1  0  0  1  1  0  0  1  1  1  1  0  0  1  0  0 ...  0 -1158.806667       1
9   1  0  0  1  1  0  0  1  1  1  1  0  0  0  0  0 ...  0     -1158.47       1
10  1  1  0  1  1  0  0  1  1  1  1  0  0  0  0  0 ...  0     -1158.47       1
74  1  1  0  1  1  0  0  1  1  1  1  0  0  0  0  0 ...  0     -1158.47       1
25  1  1  0  1  1  1  0  1  1  1  1  0  0  1  0  0 ...  0     -1158.47       1
41  1  0  0  1  1  1  0  1  1  1  1  0  0  0  0  0 ...  0     -1158.47       1
69  1  1  0  1  1  0  0  1  1  1  1  0  0  1  0  0 ...  0     -1158.47       1
73  1  1  0  1  1  0  0  1  1  1  1  0  0  1  0  0 ...  0     -1158.47       1
83  1  1  0  1  1  0  0  1  1  1  1  0  0  1  0  0 ...  0     -1158.47       1
35  1  1  0  1  1  0  0  1  1  1  1  0  0  0  0  0 ...  0 -1157.796667       1
51  1  1  0  1  1  0  0  1  1  1  1  0  0  0  0  0 ...  0 -1157.796667       1
81  1  1  0  1  1  0  0  1  1  1  1  0  0  0  0  0 ...  0 -1157.796667       1
43  1  1  0  1  1  0  0  1  1  1  1  0  0  1  0  0 ...  0 -1157.796667       1
47  1  1  0  1  1  1  0  1  1  1  1  0  0  0  0  0 ...  0 -1157.796667       1
7   1  0  0  1  1  0  0  1  1  1  1  0  0  1  0  0 ...  0 -1157.796667       1
15  1  1  0  1  1  0  0  1  1  1  1  0  0  1  0  0 ...  0 -1157.796667       1
28  1  1  0  1  1  0  0  1  1  1  1  0  0  1  0  0 ...  0 -1157.796667       1
29  1  1  0  1  1  1  0  1  1  1  1  0  0  0  0  0 ...  0 -1157.796667       1
33  1  1  0  1  1  1  0  1  1  1  1  0  0  0  0  0 ...  0 -1157.796667       1
75  1  1  0  1  1  1  0  1  1  1  1  0  0  0  0  0 ...  0 -1157.796667       1
78  1  1  0  1  1  0  0  1  1  1  1  0  0  1  0  0 ...  0 -1157.796667       1
82  1  1  0  1  1  0  0  1  1  1  1  0  0  1  0  0 ...  0 -1157.796667       1
99  1  1  0  1  1  0  0  1  1  1  1  0  0  1  0  0 ...  0 -1157.796667       1
54  1  0  0  1  1  0  0  1  1  1  1  0  0  0  0  0 ...  0 -1157.123333       1
6   1  0  0  1  1  0  0  1  1  1  1  0  0  1  0  0 ...  0     -1156.45       1
59  1  1  0  1  1  0  0  1  1  1  1  0  0  1  0  0 ...  0     -1156.45       1
79  1  1  0  1  1  1  0  1  1  1  1  0  0  0  0  0 ...  0 -1155.776667       1
34  1  1  0  1  1  1  0  1  1  1  1  0  0  0  0  0 ...  0     -1155.44       1
58  1  1  0  1  1  1  0  1  1  1  1  0  0  1  0  0 ...  0 -1146.686667       1
['BINARY', 100 rows, 100 samples, 67 variables]
-1162.8466666666664
{0: 1, 1: 0, 2: 0, 3: 1, 4: 1, 5: 0, 6: 0, 7: 1, 8: 1, 9: 1, 10: 1, 11: 0, 12: 0, 13: 0, 14: 0, 15: 0, 16: 1, 17: 0, 18: 1, 19: 1, 20: 1, 21: 0, 22: 1, 23: 0, 24: 0, 25: 0, 26: 1, 27: 0, 28: 0, 29: 0, 30: 1, 31: 1, 32: 0, 33: 0, 34: 1, 35: 0, 36: 0, 37: 1, 38: 1, 39: 0, 40: 1, 41: 0, 42: 1, 43: 0, 44: 0, 45: 1, 46: 0, 47: 0, 48: 0, 49: 0, 50: 0, 51: 1, 52: 1, 53: 0, 54: 0, 55: 0, 56: 0, 57: 1, 58: 0, 59: 0, 60: 0, 61: 0, 62: 0, 63: 0, 64: 0, 65: 0, 66: 0}
