SOLUTIONS
=========
Objects seleccionados:
Object x0 (incident: [SV], coa: C5, time: 5, energy: 1, cost: 3.0)
Object x1 (incident: [ED], coa: C11, time: 17, energy: 50, cost: 33.5)
Object x5 (incident: [DDoS], coa: C5, time: 4, energy: 1, cost: 2.5)
Object x7 (incident: [VRRBL], coa: C5, time: 10, energy: 1, cost: 5.5)
Object x8 (incident: [LOSS], coa: C15, time: 11, energy: 30, cost: 20.5)
Object x9 (incident: [NO], coa: C1, time: 28, energy: 1, cost: 14.5)
Object x10 (incident: [CPH], coa: C3, time: 4, energy: 100, cost: 52.0)
Object x16 (incident: [MI], coa: C16, time: 4, energy: 1, cost: 2.5)
Object x18 (incident: [MIM], coa: C1, time: 30, energy: 1, cost: 15.5)
Object x19 (incident: [SH], coa: C7, time: 4, energy: 75, cost: 39.5)
Object x20 (incident: [NR], coa: C1, time: 45, energy: 1, cost: 23.0)
Object x26 (incident: [ROM], coa: C6, time: 42, energy: 50, cost: 46.0)
Object x30 (incident: [EK], coa: C13, time: 27, energy: 20, cost: 23.5)
Object x31 (incident: [TPF], coa: C13, time: 13, energy: 20, cost: 16.5)
Object x34 (incident: [DSIL], coa: C15, time: 36, energy: 30, cost: 33.0)
Object x38 (incident: [FOD], coa: C15, time: 4, energy: 30, cost: 17.0)
Object x40 (incident: [MW], coa: C14, time: 4, energy: 10, cost: 7.0)
Object x42 (incident: [FOS], coa: C3, time: 4, energy: 100, cost: 52.0)
Object x43 (incident: [TA], coa: C15, time: 31, energy: 30, cost: 30.5)
Object x51 (incident: [AP], coa: C2, time: 21, energy: 100, cost: 60.5)
Object x52 (incident: [CMD], coa: C16, time: 6, energy: 1, cost: 3.5)
Object x57 (incident: [DN], coa: C10, time: 33, energy: 10, cost: 21.5)
Object x62 (incident: [IOI], coa: C10, time: 10, energy: 10, cost: 10.0)
Object x66 (incident: [IG], coa: C4, time: 18, energy: 20, cost: 19.0)
cost total: 552.0
Time: 12 seconds
    0  1  2  3  4  5  6  7  8  9 10 11 12 13 14 15 ... 66      energy num_oc.
1   1  1  0  0  0  1  0  1  1  1  1  0  0  0  0  0 ...  1 -178.053111       1
66  1  1  0  0  1  1  0  1  1  1  1  0  0  0  0  0 ...  0 -178.046447       1
80  1  0  0  0  0  1  0  1  1  0  1  0  0  0  0  0 ...  1 -176.624281       1
74  1  1  0  0  0  1  0  1  1  1  1  1  0  0  0  0 ...  1 -174.519112       1
38  1  1  1  0  1  1  0  1  1  1  1  0  0  0  0  0 ...  0 -173.470998       1
70  1  1  0  0  1  1  0  1  1  0  1  0  0  0  0  0 ...  0 -172.793343       1
30  1  1  0  0  0  1  0  1  1  1  1  1  0  0  0  0 ...  1 -172.163876       1
42  1  0  1  0  1  1  0  1  1  1  1  0  0  0  0  0 ...  0 -171.956463       1
41  1  0  0  0  0  1  0  1  1  1  1  0  0  0  1  0 ...  0 -171.817847       1
27  1  0  0  0  0  0  0  1  1  1  1  0  0  0  0  0 ...  0 -169.856249       1
17  1  1  1  0  0  1  0  1  1  1  1  0  0  0  1  0 ...  1 -168.480014       1
50  1  0  0  1  0  1  0  1  1  0  1  0  0  0  1  0 ...  1 -165.874294       1
68  1  1  0  0  0  0  0  1  1  1  1  0  0  0  1  0 ...  1 -164.068403       1
76  1  1  0  0  1  1  0  0  1  0  1  0  0  0  0  0 ...  0 -163.381698       1
13  1  0  1  0  0  1  0  1  1  0  1  1  0  0  0  0 ...  0 -162.852088       1
34  1  0  0  0  1  1  0  1  1  1  1  0  1  0  0  0 ...  0 -161.223799       1
72  1  0  0  0  1  1  0  1  1  1  1  1  1  0  0  0 ...  0 -160.671869       1
85  1  0  0  0  0  1  0  1  1  1  1  0  1  0  0  0 ...  0 -160.467094       1
53  1  0  0  0  0  1  0  0  1  1  1  0  0  0  0  0 ...  1 -160.439535       1
89  1  0  0  0  1  1  0  1  1  1  1  0  1  0  0  0 ...  0 -160.096875       1
18  1  0  0  0  1  1  0  1  1  1  1  0  1  0  0  0 ...  0 -159.486806       1
35  1  0  0  0  1  0  0  1  1  1  1  1  0  0  0  0 ...  0 -158.280085       1
91  1  1  0  0  1  1  0  1  1  0  1  0  1  0  0  0 ...  0 -158.151471       1
24  1  1  0  0  0  0  0  1  1  1  1  0  0  0  1  0 ...  1 -158.111059       1
28  1  1  0  0  1  1  0  1  1  1  1  0  1  0  1  0 ...  0 -157.880784       1
60  1  0  0  0  0  1  0  1  1  1  1  0  1  0  1  0 ...  1 -157.820124       1
12  1  1  0  0  0  1  0  1  1  1  1  0  1  0  1  0 ...  0  -157.51757       1
39  1  0  0  1  1  1  0  1  1  1  1  1  1  0  0  0 ...  0 -157.496999       1
61  1  0  0  0  1  0  0  1  1  1  1  1  0  0  1  0 ...  0  -157.34466       1
36  1  1  0  0  1  0  0  1  1  1  1  0  0  0  0  0 ...  0 -157.232435       1
93  1  1  0  0  0  1  0  1  1  1  1  1  1  0  0  0 ...  1 -156.561652       1
99  1  1  0  0  1  1  0  1  1  1  1  1  1  0  0  0 ...  0 -156.151879       1
98  1  1  0  0  0  1  0  1  1  0  1  0  1  0  1  0 ...  1 -155.608988       1
82  1  0  0  0  1  0  0  1  1  1  1  0  0  0  0  0 ...  0 -155.483761       1
59  1  1  0  0  1  1  0  1  1  1  1  0  1  0  0  0 ...  0 -155.210162       1
6   1  0  0  0  1  1  0  1  1  1  1  1  1  0  1  0 ...  0 -154.778661       1
79  1  0  0  0  0  1  0  1  1  0  1  0  0  0  0  0 ...  1 -154.761028       1
0   1  0  0  0  0  1  0  1  1  1  1  0  0  0  0  0 ...  1 -154.558818       1
48  1  1  0  0  1  1  0  1  1  1  1  1  1  0  1  0 ...  0 -154.453138       1
75  1  1  1  0  1  1  0  1  1  1  1  0  1  0  0  0 ...  0 -153.890127       1
25  1  1  0  1  0  1  0  1  1  1  1  0  1  0  1  0 ...  1 -153.549504       1
97  1  0  0  0  1  0  0  1  1  1  1  1  0  1  0  0 ...  0  -153.44304       1
95  1  0  0  0  0  1  0  1  1  1  1  0  0  0  0  0 ...  0 -153.159348       1
92  1  0  0  0  1  1  0  1  1  1  1  0  1  0  0  0 ...  0 -152.649271       1
9   1  0  0  0  0  0  0  1  1  1  1  0  1  0  0  0 ...  1 -152.107131       1
46  1  0  1  0  1  1  0  1  1  1  1  0  0  0  0  0 ...  0 -151.951276       1
55  1  0  0  0  1  0  0  1  1  1  1  0  1  0  0  0 ...  0 -151.907201       1
77  1  0  1  0  1  1  0  1  1  1  1  1  1  0  0  0 ...  0 -151.844304       1
84  1  0  0  0  1  1  0  1  1  1  1  0  0  0  1  0 ...  0 -151.567424       1
52  1  0  0  0  0  0  0  1  1  1  1  0  1  0  0  0 ...  1 -151.427381       1
73  1  0  0  1  0  1  0  1  1  1  1  0  0  0  0  0 ...  1 -151.165854       1
69  1  0  0  0  1  1  0  1  1  1  1  0  0  0  0  0 ...  0 -151.125974       1
81  1  0  0  1  1  1  0  1  1  1  1  0  0  0  0  0 ...  0 -150.966589       1
2   1  0  0  1  1  1  0  1  1  1  1  1  0  0  0  0 ...  0 -150.757413       1
62  1  0  0  0  0  1  0  1  1  1  1  1  0  0  0  0 ...  1 -150.645627       1
10  1  1  0  0  0  0  0  1  1  1  1  0  1  0  0  0 ...  1 -150.432188       1
51  1  0  0  0  1  1  0  1  1  1  1  0  1  0  0  0 ...  0 -150.291892       1
44  1  0  0  0  0  1  0  1  1  1  1  0  0  0  0  0 ...  0 -150.162782       1
65  1  1  0  0  0  1  0  1  1  1  1  0  0  0  0  0 ...  0 -149.588303       1
57  1  1  0  0  1  1  0  1  1  1  1  0  0  0  1  0 ...  0 -148.807388       1
49  1  1  1  0  0  1  0  1  1  1  1  1  1  0  0  0 ...  1 -148.510921       1
29  1  1  1  0  0  1  0  1  1  1  1  0  1  0  0  0 ...  0 -148.409581       1
96  1  1  0  0  0  1  0  1  1  1  1  1  0  0  1  0 ...  1 -147.991904       1
21  1  1  0  0  1  1  0  0  1  1  1  0  1  0  0  0 ...  0 -147.962113       1
87  1  0  0  0  0  0  0  1  1  1  1  0  1  0  0  0 ...  0 -147.323885       1
94  1  0  0  0  1  0  0  1  1  1  1  0  0  0  0  0 ...  0 -146.939788       1
64  1  0  0  0  1  1  0  0  1  1  1  1  1  0  1  0 ...  0 -146.355502       1
40  1  0  0  0  1  0  0  1  1  1  1  0  1  0  1  0 ...  0 -146.212687       1
16  1  1  0  0  1  1  0  1  1  1  1  0  0  0  1  0 ...  0 -145.551513       1
67  1  0  0  0  1  1  0  0  1  1  1  0  0  0  0  0 ...  0 -145.278007       1
54  1  0  0  1  0  0  0  1  1  1  1  0  1  0  1  0 ...  1 -141.652512       1
31  1  0  0  0  0  0  0  1  1  1  1  1  0  0  0  0 ...  1 -140.679331       1
5   1  1  1  0  1  1  0  1  1  1  1  1  0  0  1  0 ...  0 -140.361812       1
43  1  1  0  0  1  1  0  1  1  1  1  1  1  0  0  0 ...  0  -140.05433       1
37  1  1  0  1  0  0  0  1  1  1  1  1  1  0  0  0 ...  1 -139.967943       1
26  1  0  0  0  1  1  0  0  1  1  1  1  0  0  0  0 ...  0 -139.567861       1
71  1  0  1  0  1  1  0  1  1  1  1  0  1  0  0  0 ...  0 -138.878673       1
22  1  0  0  0  0  1  0  0  1  1  1  1  0  0  0  0 ...  1 -138.152597       1
15  1  0  0  0  0  1  0  1  1  1  1  0  0  0  0  0 ...  1 -137.400553       1
4   1  0  0  0  1  0  0  0  1  1  1  1  0  1  0  0 ...  0 -136.760301       1
19  1  0  0  0  0  0  0  1  1  1  1  0  0  0  0  0 ...  1 -136.599873       1
11  1  0  1  0  0  0  0  1  1  1  1  0  0  0  0  0 ...  0 -135.168009       1
45  1  1  0  0  0  0  0  0  1  0  1  0  1  0  0  0 ...  1 -135.018932       1
56  1  1  0  0  0  1  0  0  1  1  1  0  0  0  0  0 ...  1 -134.692459       1
83  1  1  0  0  0  0  0  0  1  0  1  0  0  0  1  0 ...  0 -133.397945       1
58  1  1  0  1  0  1  0  0  1  1  1  0  0  0  0  0 ...  1 -133.375429       1
8   1  0  0  0  0  0  0  1  1  1  1  0  1  0  0  0 ...  1 -133.139589       1
88  1  1  0  0  1  1  0  1  1  1  1  1  0  0  0  0 ...  0 -133.079815       1
47  1  1  0  0  0  1  0  0  1  1  1  1  0  0  0  0 ...  1 -132.574431       1
78  1  0  0  0  0  0  0  1  1  0  1  0  1  0  0  0 ...  1 -132.184478       1
14  1  0  0  1  1  1  0  1  1  1  1  1  0  0  0  0 ...  0 -132.180969       1
3   1  0  0  0  0  0  0  1  1  1  1  0  1  0  0  0 ...  0   -131.1171       1
90  1  0  0  0  1  0  0  1  1  1  1  1  1  0  0  0 ...  0 -128.217916       1
20  1  0  0  0  1  1  0  0  1  0  1  1  0  0  0  0 ...  0 -127.739172       1
63  1  0  0  1  0  0  0  1  1  1  1  0  0  0  0  0 ...  1 -126.923604       1
32  1  1  1  0  0  0  0  1  1  1  1  0  1  0  0  0 ...  0 -123.969843       1
86  1  0  0  1  0  0  0  1  1  1  1  0  0  0  0  0 ...  1  -122.71454       1
23  1  0  1  0  1  0  0  1  1  0  1  0  0  0  0  0 ...  0 -115.886671       1
7   1  0  0  1  1  0  0  1  1  0  1  0  0  0  1  0 ...  0 -114.922903       1
33  1  1  0  1  0  0  0  0  1  1  1  0  1  1  0  0 ...  1 -102.399099       1
['BINARY', 100 rows, 100 samples, 67 variables]
-178.0531107539066
{0: 1, 1: 1, 2: 0, 3: 0, 4: 0, 5: 1, 6: 0, 7: 1, 8: 1, 9: 1, 10: 1, 11: 0, 12: 0, 13: 0, 14: 0, 15: 0, 16: 1, 17: 0, 18: 1, 19: 1, 20: 1, 21: 0, 22: 0, 23: 0, 24: 0, 25: 0, 26: 1, 27: 0, 28: 0, 29: 0, 30: 1, 31: 1, 32: 0, 33: 0, 34: 1, 35: 0, 36: 0, 37: 0, 38: 1, 39: 0, 40: 1, 41: 0, 42: 1, 43: 1, 44: 0, 45: 0, 46: 0, 47: 0, 48: 0, 49: 0, 50: 0, 51: 1, 52: 1, 53: 0, 54: 0, 55: 0, 56: 0, 57: 1, 58: 0, 59: 0, 60: 0, 61: 0, 62: 1, 63: 0, 64: 0, 65: 0, 66: 1}
